15
1 -1 -1 3 -1 0 -1 1 2 -1 -1 -1 2 -1 -1
-1 -1 4 -1 2 -1 0 -1 -1 4 5 -1 -1 -1 2
-1 4 6 7 -1 -1 0 1 -1 3 -1 -1 -1 3 -1
-1 4 -1 7 5 5 3 3 -1 5 5 4 4 4 -1
-1 4 5 5 4 -1 -1 -1 -1 -1 6 4 -1 -1 -1
2 -1 3 3 2 5 5 6 -1 -1 9 7 5 -1 -1
-1 -1 5 -1 -1 -1 4 -1 -1 8 8 7 5 -1 2
-1 -1 6 -1 1 2 4 5 6 6 7 -1 4 -1 -1
2 -1 -1 -1 -1 2 -1 5 6 -1 6 5 4 3 -1
3 -1 7 5 4 -1 -1 5 6 4 6 4 -1 2 -1
3 -1 6 5 4 -1 7 -1 6 -1 5 -1 6 4 -1
4 -1 5 3 3 -1 6 7 -1 -1 6 -1 6 -1 -1
-1 -1 -1 -1 -1 -1 6 6 -1 7 -1 -1 -1 3 -1
3 -1 -1 -1 -1 -1 -1 -1 -1 -1 -1 5 -1 -1 -1
-1 -1 2 2 1 3 4 4 -1 3 4 3 3 -1 1